http://irdb.tk/decode/
https://github.com/probonopd/arduino-infrared-pronto

MODE
Protocol NEC1, device 0, subdevice 227, OBC 11
Hash: 
481CED19
For IR Scope/IrScrutinizer: 
+8850 -4400 +550 -600 +500 -600 +550 -550 +550 -550 +500 -600 +550 -550 +550 -550 +550 -550 +550 -1650 +550 -1700 +550 -550 +500 -600 +550 -550 +550 -1650 +550 -1650 +550 -1650 +600 -1650 +550 -1650 +500 -600 +550 -1650 +550 -600 +500 -550 +550 -600 +500 -600 +550 -550 +550 -550 +500 -1700 +550 -550 +550 -1650 +550 -1700 +500 -1700 +500 -1700 +550 -127976
For Arduino sketch: 
unsigned int raw[68] = {8850,4400,550,600,500,600,550,550,550,550,500,600,550,550,550,550,550,550,550,1650,550,1700,550,550,500,600,550,550,550,1650,550,1650,550,1650,600,1650,550,1650,500,600,550,1650,550,600,500,550,550,600,500,600,550,550,550,550,500,1700,550,550,550,1650,550,1700,500,1700,500,1700,550,};
irsend.sendRaw(raw,68,38);

+/-
Protocol NEC1, device 0, subdevice 227, OBC 10
Hash: 
8AA91D5
For IR Scope/IrScrutinizer: 
+8850 -4400 +550 -600 +500 -550 +600 -550 +500 -600 +550 -550 +550 -550 +550 -550 +550 -550 +550 -1700 +500 -1700 +500 -600 +550 -550 +550 -550 +500 -1700 +550 -1650 +550 -1700 +500 -600 +500 -1700 +500 -600 +550 -1650 +550 -550 +550 -550 +550 -550 +550 -600 +500 -1700 +500 -600 +550 -1650 +550 -550 +550 -1650 +550 -1650 +600 -1650 +550 -1650 +500 -127976
For Arduino sketch: 
unsigned int raw[68] = {8850,4400,550,600,500,550,600,550,500,600,550,550,550,550,550,550,550,550,550,1700,500,1700,500,600,550,550,550,550,500,1700,550,1650,550,1700,500,600,500,1700,500,600,550,1650,550,550,550,550,550,550,550,600,500,1700,500,600,550,1650,550,550,550,1650,550,1650,600,1650,550,1650,500,};
irsend.sendRaw(raw,68,38);

SETTING
Protocol NEC1, device 0, subdevice 227, OBC 1
Hash: 
4A095999
For IR Scope/IrScrutinizer: 
+8800 -4450 +550 -550 +550 -550 +550 -600 +500 -550 +550 -600 +500 -600 +500 -600 +550 -550 +500 -1700 +550 -1650 +550 -550 +550 -550 +550 -600 +500 -1700 +500 -1700 +550 -1650 +550 -1650 +550 -600 +500 -550 +600 -550 +500 -600 +550 -550 +550 -550 +550 -550 +550 -550 +550 -1700 +500 -1700 +500 -1700 +550 -1650 +550 -1650 +550 -1650 +550 -1700 +500 -127976
For Arduino sketch: 
unsigned int raw[68] = {8800,4450,550,550,550,550,550,600,500,550,550,600,500,600,500,600,550,550,500,1700,550,1650,550,550,550,550,550,600,500,1700,500,1700,550,1650,550,1650,550,600,500,550,600,550,500,600,550,550,550,550,550,550,550,550,550,1700,500,1700,500,1700,550,1650,550,1650,550,1650,550,1700,500,};
irsend.sendRaw(raw,68,38);

CONFIRM
Protocol NEC1, device 0, subdevice 227, OBC 2
Hash: 
403594B9
For IR Scope/IrScrutinizer: 
+8800 -4450 +550 -550 +550 -550 +550 -550 +550 -550 +550 -550 +550 -600 +500 -550 +600 -550 +500 -1700 +550 -1650 +550 -550 +550 -550 +550 -600 +500 -1700 +500 -1700 +550 -1650 +550 -550 +550 -1650 +550 -550 +550 -550 +550 -600 +500 -600 +550 -550 +500 -600 +550 -1650 +550 -550 +550 -1650 +550 -1650 +600 -1650 +550 -1650 +500 -1700 +550 -1700 +500 -127976
For Arduino sketch: 
unsigned int raw[68] = {8800,4450,550,550,550,550,550,550,550,550,550,550,550,600,500,550,600,550,500,1700,550,1650,550,550,550,550,550,600,500,1700,500,1700,550,1650,550,550,550,1650,550,550,550,550,550,600,500,600,550,550,500,600,550,1650,550,550,550,1650,550,1650,600,1650,550,1650,500,1700,550,1700,500,};
irsend.sendRaw(raw,68,38);

ON/OFF
Protocol NEC1, device 0, subdevice 227, OBC 9
Hash: 
CFCA7DB5
For IR Scope/IrScrutinizer: 
+8800 -4450 +550 -550 +550 -550 +550 -550 +550 -550 +550 -550 +550 -600 +500 -550 +550 -600 +500 -1700 +550 -1650 +550 -550 +550 -550 +550 -550 +550 -1650 +550 -1700 +550 -1650 +550 -1650 +550 -550 +550 -550 +550 -1700 +500 -550 +600 -550 +500 -600 +550 -550 +550 -550 +550 -1650 +550 -1700 +500 -550 +550 -1700 +550 -1650 +500 -1700 +550 -1650 +550 -127976
For Arduino sketch: 
unsigned int raw[68] = {8800,4450,550,550,550,550,550,550,550,550,550,550,550,600,500,550,550,600,500,1700,550,1650,550,550,550,550,550,550,550,1650,550,1700,550,1650,550,1650,550,550,550,550,550,1700,500,550,600,550,500,600,550,550,550,550,550,1650,550,1700,500,550,550,1700,550,1650,500,1700,550,1650,550,};
irsend.sendRaw(raw,68,38);
